861 802 157 187 24 200 390 449 860 445 635 315 857 778 629 802 746 16 317 800 937 802
510 466 242 304 42 543 298 187 445 501 298 528 802 775 181 860 937 303 53 232 543 185 373 90
311 294 205 800 797 57 690 230 205 82 167 707 937 815 526 778 629 737 975 877 485 615 485 937 802
520 42 840 814 466 985 148 800 923 800 752 800 174 20 937 57 223 956 247 376 635 707 510 242 528
799 56 877 485 12 150 860 619 802 16 366 42 852 619 281 53 162 247 42 797 615 485 300 315
621 347 767
851 303 690 964 564 57 505 821 304 347 303 520 860 937 815 526 778 629 737 975 140
902 981 305 848 366 163 800 956 729 266 520 42 528 727 520 65 300 968 851 714 800 114 50 643 248 765
520 714 266 305 394 366 800 902 707 629 896 42 904 53 485 157 98 57 505 126 860 797 538
242 219 451 82 167 707 520 303 56 764 16 673 615 778 57 778 174 860 619 53 840 975 205 860 860
242 673 651 868 624
297 815 526 778 629 737 975 802 298 528 727 520 65 300 615 778 802 775 539 216 778 281
305 394 366 814 126 635 707 114 347 56 629 615 848 800 497 566 962 126 430 376 376
528 840 539 283 629 848 875 797 815 526 778 629 737 975 635 643 330 294 126 860 752 57 830 438 347
587 520 321 56 126 770 412 775 174 481 24 778 938 445 737 904 800 797 815 526 778 629 737 975 140
305 394 366 814 126 635 707 938 510 501 538 865 543 501 802 13 340 985 424 968 410 766 750 390 174
257 133 566 800 750 266 242 673 23 162 673 802 775 817 764 855 266 697 174
985 981 621 817 449 266 242 219 451 82 167 707 528 840 539 283 629 163 800 750 266 232 376
673 126 360 140 242 324 707 520 449 148 860 985 707 619 57 830 438 860 860 350 355 5
110 481 394 187 373 90
83 216 673 707 510 427 242 247 298 643 38 298 937 802 157 187 24 200 390 449 860 852 510 427 242 247 366
665 697 621 298 937 57 694 294 75 148 163 615 848 800 888 481 349 583 6 694 860 902 232
147 766 750 390 42 938 510 501 720 543 298 937 802 157 187 24 200 390 449 860 956 729 528 12 347 281
867 247 298 985 12 266 147 528 65 57 566 303 390 981 860 852 174 147 133 816 12
669 795 737 528 673 561 813 816 538 517 200 528 673 12 105 216 643 248 126 298 665 697 621 298 937 802
528 727 520 65 16 528 247 57 566 877 485 12 266 147 528 65 182 792 802 707 920 800 888 481 110
944 852 510 984 737 775 937 242 230 56 42 797 815 526 778 629 737 975 802 157 187 24 163 373 90
630 800 219 451 800 944 852 902 615 707 937 802 157 187 24 200 390 449 860 366 707 543 366
985 427 539 880 57 187 24 347 360 795 902 298 937 714 797 697 615 924 330 248 988 797 697 802
1 390 687 373 412 427 266 985 427 539 800 305 394 366 800 126 298 350 355 445 938 230 347 528 673 520
799 56 57 347 56 42 852 1 187 42 543 298 848 322 317 816 180 933 528 394 603 561 813 880 938 816 12
350 355 445 802 427 964 933 843 539 508 205 200 528 673 714 438 163 880 968 630 814
257 133 566 800 956 729 266 510 427 187 822 430 12 563 350 5 266 118 797 205 800 800 731 867 366
181 505 187 816 180 635 643 330 294 300 615 848 800 528 517 848 621 933 528 394 603 520
528 727 520 65 126 561 813 800 257 133 566 800 321 848 300 802 707 520 727 868 860 797 714 797 697 802
114 317 163 800 852 797 635 643 330 294 615 848 800 937 902 510 795 248 42 543 298 817 764 855 445 12
750 266 621 182 814 802 359 98 126 57 566 714 800 350 355 266 118 797 205 373
